image_width: 640
image_height: 480
camera_name: usb
camera_matrix:
  rows: 3
  cols: 3
  data: [636.21, 0, 310.36, 0, 638.19, 236.25, 0, 0, 1]
distortion_model: plumb_bob
distortion_coefficients:
  rows: 1
  cols: 5
  data: [0.13, -0.36, 0, 0, 0]
rectification_matrix:
  rows: 3
  cols: 3
  data: [1, 0, 0, 0, 1, 0, 0, 0, 1]
projection_matrix:
  rows: 3
  cols: 4
  data: [636.21, 0, 310.36, 0, 0, 638.19, 236.25, 0, 0, 0, 1, 0]